[4;35m[1;95mCUB3D[0m [0;95mClosed[0m
NO = images/AnyConv.com__redstone_lamp_on.xpm
SO = images/stonebrick.xpm
WE = images/prismarine_dark.xpm
EA= images/prismarine_dark.xpm
F= 1145875
C= 1023447
49 49 49 49 49 
49 48 48 48 49 
49 48 49 48 49 
49 48 48 48 49 
49 48 48 48 49 
49 49 49 49 49 


1 1 1 1 1 
1 1 1 1 1 
1 1 1 1 1 
1 1 1 1 1 
1 1 1 1 1 
1 1 1 1 1 
124
123
13
124
123
123
123
123
1
1
1
1
1
1
1
1
1
1
1
1
1
1
1
123
123
123
123
123
123
123
123
123
123
13
13
124
124
124
124
124
124
124
124
124
124
124
124
1
1
1
1
1
1
1
1
1
124
124
124
124
124
13
13
123
123
123
123
1
1
1
1
1
1
1
1
1
1
123
123
123
123
53
